1020,1
3204,1
3217,1
1432,1
2465,1
1601,1
0223,1
3062,1
3016,1
3203,1
0210,1
2473,1
0619,1
3206,1
3019,1
1610,1
2209,1
0264,1
1418,1
1605,1
0225,1
1062,1
0603,1
1802,1
2263,1
1219,1
0409,1
2861,1
0862,1
1801,1
2210,1
2806,1
2063,1
3202,1
1807,1
1218,1
2262,1
2204,1
2202,1
2410,1
3004,1
2415,1
2466,1
0215,1
3018,1
0212,1
1603,1
2478,1
0407,1
0207,1
0214,1
2461,1
0416,1
3021,1
0463,1
2462,1
1434,1
1602,1
2470,1
1203,1
0224,1
0201,1
1421,1
3210,1
0462,1
0209,1
2413,1
1608,1
1804,1
2862,1
1206,1
0208,1
3025,1
1438,1
3024,1
0810,1
3209,1
3015,1
0219,1
2213,1
1805,1
3011,1
1817,1
1463,1
3214,1
2810,1
0414,1
2468,1
2205,1
3028,1
3001,1
3211,1
2477,1
0220,1
3207,1
2264,1
2414,1
3215,1
3208,1
2061,1
3205,1
0265,1
2804,1
2405,1
1204,1
3008,1
2206,1
1814,1
0221,1
1611,1
3022,1
0410,1
0261,1
2007,1
0404,1
3262,1
1261,1
0413,1
0213,1
1607,1
2062,1
2661,1
2207,1
3201,1
0419,1
1013,1
0211,1
3009,1
0662,1
0415,1
0216,1
0461,1
1604,1
0804,1
2214,1
2212,1
1462,1
0217,1
0222,1
2819,1
2215,1
3027,1
1861,1
1433,1
3218,1
1207,1
2203,1
3013,1
2211,1
1412,1
0406,1
2201,1
0262,1
0202,1
3213,1
0663,1
1213,1
3064,1
2010,1
3030,1
1212,1
2402,1
1661,1
1263,1
1061,1
3031,1
0802,1
3005,1
2261,1
3017,1
0809,1
3263,1
2208,1
3212,1
2401,1
2006,1
3216,1
3014,1
1205,1
2409,1
3006,1
1216,1
2417,1
3002,1
3020,1
3026,1
1609,1
1201,1
0405,1
1262,1
1217,1
3023,1
0607,1
2407,1
2416,1
1210,1
3063,1
1405,1