2215,1
3021,1
0461,1
3028,1
3014,1
3001,1
3016,1
1418,1
3207,1
1434,1
0862,1
1602,1
0202,1
3015,1
3009,1
0662,1
2804,1
0207,1
3008,1
0804,1
3024,1
1606,1
0206,1
1405,1
1611,1
1433,1
3029,1
0261,1
3004,1
2415,1
3262,1
3011,1
3018,1
0802,1
1607,1
3003,1
1603,1
2661,1
3017,1
2806,1
2473,1
1421,1
3210,1
0462,1
2461,1
1608,1
3030,1
1609,1
1604,1
1661,1
2462,1
0208,1
3019,1
3214,1
2470,1
1605,1
2819,1
2010,1
3027,1
0201,1
3212,1
3218,1
2401,1
2861,1
3062,1
0210,1
1412,1
0808,1
0619,1
0212,1
1601,1
1610,1
2810,1
3025,1
3061,1
3064,1
1438,1
0264,1
3022,1
3031,1
0225,1
1062,1
1061,1
3211,1
3063,1
3005,1
1261,1
3205,1
1463,1
0809,1
3263,1
2063,1
0226,1
3202,1
3002,1
2409,1
3026,1
3020,1
3006,1
3023,1
2407,1
2416,1